Tuesday, November 29, 2016	2:11:09 PM
Time(s)		ST-1		ST-2		ST-3		ST-4		ST-5		ST-6		ST-7		ST-8		ST-9		ST-10		ST-11		ST-12		ST-16		SC-1		SC-2		
0.000000	41.041515	38.953766	37.735207	35.786125	34.700005	26.733997	26.259098	24.455536	23.669527	22.695250	22.619791	24.835958	49.812332	1.976650	0.881877
2.000000	41.428001	39.166397	37.656216	35.357891	34.026737	27.134710	26.471407	24.654509	23.827160	22.631987	22.600155	24.761997	49.818161	2.040544	0.876373
1448.000000	49.723194	47.194946	45.305462	43.118359	40.197090	37.678951	34.743183	29.841370	25.544672	19.245279	19.189800	20.738520	55.516518	1.983785	0.962901
1450.000000	49.668621	47.179646	45.325451	43.122871	40.193611	37.707409	34.793396	29.852276	25.554068	19.253597	19.299475	20.745726	55.485264	1.963371	0.950171
1452.000000	49.703262	47.190910	45.316380	43.129593	40.263119	37.719608	34.839443	29.868498	25.580708	19.259687	19.277063	20.751650	55.507572	1.962340	0.974810
1454.000000	49.733356	47.203995	45.315269	43.133739	40.313358	37.723427	34.768196	29.884285	25.615715	19.277508	19.278114	20.764645	55.510479	1.984426	0.976863
1456.000000	49.772591	47.213303	45.282894	43.135578	40.325989	37.724369	34.834278	29.892441	25.605959	19.281622	19.269030	20.771107	55.546902	1.953523	0.977358
1458.000000	49.882599	47.239010	45.251732	43.131763	40.457500	37.719585	34.818336	29.898911	25.622599	19.289328	19.318018	20.778650	55.609516	1.976250	0.955180
1870.000000	50.083542	46.936932	44.626915	42.250084	39.319160	36.555817	33.703045	28.777493	24.640335	18.862751	18.850002	20.222092	56.226509	1.703112	1.000934
1872.000000	50.178520	46.970413	44.577953	42.236084	39.448444	36.547291	33.753548	28.764242	24.635742	18.863464	18.826021	20.227346	56.279938	1.708530	0.967763
1874.000000	50.040474	46.935158	44.563602	42.225780	39.316338	36.546391	33.778759	28.744263	24.601976	18.851091	18.813936	20.223974	56.259068	1.702967	0.977189
1876.000000	50.047081	46.936806	44.554508	42.222225	39.216160	36.548214	33.724972	28.748907	24.599106	18.852781	18.795094	20.219822	56.279392	1.692488	0.946269
1878.000000	49.986599	46.926395	44.584175	42.224262	39.343639	36.562943	33.765995	28.758728	24.618162	18.843599	18.803003	20.225048	56.278584	1.717928	1.015139
1880.000000	50.001865	46.926212	44.578503	42.231064	39.314369	36.567505	33.775772	28.772356	24.618765	18.838799	18.820910	20.219959	56.287914	1.699344	0.987300
1882.000000	50.014297	46.928497	44.579029	42.231541	39.327858	36.575665	33.772861	28.778757	24.622654	18.840076	18.899364	20.221935	56.291821	1.683331	0.976157
1954.000000	50.063969	46.234653	43.432976	40.854206	37.639095	35.176788	32.154827	27.555750	23.835953	18.868811	18.797081	20.116446	56.385986	1.313537	0.987929
1956.000000	50.009823	46.212391	43.418148	40.836731	37.625477	35.167942	32.124275	27.540022	23.820438	18.870728	18.808804	20.118422	56.367508	1.316849	0.989888
1958.000000	50.050438	46.231567	43.408298	40.828560	37.706783	35.178436	32.179508	27.528292	23.822994	18.879507	18.796227	20.120304	56.405605	1.317116	0.999106
1960.000000	50.137753	46.254169	43.399418	40.826347	37.772472	35.151237	32.164795	27.524481	23.832239	18.881245	18.816111	20.119352	56.439014	1.322129	0.989221
1962.000000	50.127617	46.252853	43.402603	40.813446	37.770294	35.138866	32.169830	27.509256	23.824123	18.881165	18.867437	20.119537	56.447277	1.328136	0.962626
1964.000000	50.153954	46.256866	43.400650	40.811691	37.729004	35.132248	32.142963	27.499590	23.821308	18.881859	18.809221	20.121479	56.458420	1.322365	0.970221
2032.000000	49.917736	45.629025	42.486217	39.669548	36.366722	33.855545	30.928667	26.487513	23.140797	18.922913	18.851910	20.050030	56.482944	0.946718	0.945422
2034.000000	49.840488	45.539715	42.426033	39.553329	36.241009	33.742283	30.764404	26.385695	23.088652	18.920374	18.891197	20.042324	56.449009	0.951926	0.992128
2036.000000	49.796425	45.484192	42.353970	39.457253	36.124092	33.630192	30.648211	26.308935	23.026770	18.913549	18.877825	20.039093	56.441788	0.944028	0.961127
2038.000000	49.814793	45.459717	42.268127	39.381630	36.005829	33.532173	30.574774	26.235348	22.974613	18.912563	18.888023	20.037766	56.461529	0.934430	0.991662
2040.000000	49.857307	45.444378	42.199440	39.308128	35.951576	33.439278	30.511427	26.167391	22.948158	18.914989	18.855890	20.027746	56.478504	0.944505	0.948632
2042.000000	49.842361	45.419395	42.156330	39.247318	35.872223	33.358139	30.484493	26.109306	22.916098	18.910059	18.892736	20.023981	56.463528	0.933607	0.929374
2044.000000	49.851883	45.386227	42.100285	39.185753	35.840351	33.310062	30.417141	26.077358	22.906765	18.902918	18.844662	20.019653	56.478531	0.945689	0.956336
2192.000000	49.767685	43.400177	40.437504	38.562603	37.767494	19.270111	25.998226	28.551908	30.510292	31.626400	31.544203	29.281166	56.643566	0.950916	0.939386
2194.000000	49.749016	43.397438	40.450104	38.565247	37.729675	19.255413	26.030598	28.564760	30.521929	31.642883	31.564457	29.341421	56.610821	0.961142	0.986396
2196.000000	49.738579	43.398773	40.461819	38.572342	37.872471	19.241617	26.003241	28.577488	30.547487	31.666420	31.598274	29.396921	56.600590	0.952166	0.996444
2198.000000	49.728588	43.402325	40.478214	38.574883	37.985558	19.224464	25.984781	28.572466	30.568371	31.683855	31.606993	29.453896	56.597221	0.953414	0.998573
2200.000000	49.742130	43.401516	40.475632	38.574562	37.959396	19.214909	25.963295	28.556087	30.564199	31.696999	31.623299	29.509571	56.593506	0.959323	0.989709
2202.000000	49.775978	43.415138	40.430313	38.567039	38.006912	19.203121	25.983734	28.524792	30.548773	31.699245	31.588915	29.569231	56.602558	0.957713	0.953896
2204.000000	49.795101	43.411621	40.413113	38.561832	37.913822	19.186884	25.995296	28.503431	30.517803	31.690031	31.623287	29.615583	56.587563	0.950050	0.957425
2206.000000	49.847443	43.427322	40.403923	38.548950	38.009918	19.169289	26.011850	28.491976	30.512375	31.683155	31.619804	29.672775	56.607571	0.958151	0.958322
2288.000000	50.248619	44.277733	41.590229	40.054417	38.858757	18.574442	26.588717	29.734283	32.186401	33.732822	33.598377	31.862833	56.116520	1.336452	0.996573
2290.000000	50.258244	44.287895	41.558987	40.042465	38.858021	18.567936	26.626057	29.699730	32.163254	33.718506	33.645245	31.898602	56.096207	1.333818	0.950169
2292.000000	50.296001	44.292587	41.552250	40.028503	38.880707	18.558521	26.663082	29.686003	32.142204	33.702583	33.667603	31.934742	56.087612	1.311048	0.971355
2294.000000	50.284458	44.297470	41.549580	40.021301	38.860680	18.556057	26.708662	29.697861	32.138264	33.699215	33.650928	31.962233	56.055725	1.318024	0.980350
2296.000000	50.336597	44.312988	41.545307	40.025864	38.884766	18.549059	26.725306	29.705641	32.154945	33.694942	33.647995	31.997328	56.048107	1.336827	0.907951
2298.000000	50.294758	44.308285	41.556118	40.034355	38.881039	18.547626	26.759180	29.711863	32.158966	33.702259	33.635841	32.024166	56.002670	1.343062	0.890275
2300.000000	50.382885	44.342316	41.576778	40.049259	38.968140	18.546400	26.891047	29.741245	32.191719	33.722065	33.700500	32.054981	56.008297	1.328605	0.937517
2302.000000	50.436768	44.366917	41.594852	40.079884	39.016441	18.539457	26.949213	29.801487	32.233822	33.742432	33.591766	32.088375	56.031147	1.335738	0.997053
2328.000000	49.975845	44.856960	42.494076	41.012009	39.802574	18.598103	27.073521	30.521584	33.120319	34.744999	34.693718	32.513924	55.165020	1.686069	1.000501
2330.000000	50.006847	44.867035	42.511147	41.044071	39.865536	18.603085	27.057697	30.554983	33.165665	34.812218	34.705414	32.567272	55.047382	1.650592	1.001529
2332.000000	50.058094	44.896358	42.504036	41.071976	39.961212	18.602533	27.119169	30.575048	33.207367	34.860126	34.815598	32.614479	55.046803	1.676268	0.995403
2334.000000	50.070091	44.885620	42.512890	41.085236	40.012241	18.599569	27.097633	30.588652	33.226883	34.893703	34.815178	32.665020	55.083210	1.666614	0.987771
2336.000000	50.049091	44.882507	42.520889	41.093616	40.015411	18.605864	27.098587	30.596546	33.234943	34.916039	34.809052	32.715298	55.107227	1.681032	0.996073
2338.000000	50.022354	44.878910	42.531075	41.109264	40.043064	18.608528	27.098024	30.608740	33.247494	34.934757	34.843727	32.767349	55.100758	1.688897	1.011348
2340.000000	50.079948	44.896080	42.531372	41.120068	40.123398	18.618490	27.118753	30.621029	33.279774	34.955917	34.852551	32.822483	55.115532	1.683658	0.989860
2366.000000	49.922626	45.190720	43.055340	41.761551	40.864777	18.698160	27.484558	31.170349	33.908817	35.618069	35.601635	33.398869	55.593487	2.002691	1.004135
2368.000000	49.900257	45.194706	43.055607	41.786587	40.906796	18.705587	27.506016	31.191654	33.950298	35.677197	35.637379	33.444798	55.621197	1.988305	0.957616
2370.000000	49.954926	45.224777	43.058792	41.810528	41.023708	18.715254	27.572401	31.213121	33.992489	35.721352	35.641022	33.493885	55.665035	1.952133	0.958169
2372.000000	49.946938	45.243099	43.080452	41.840111	41.080742	18.716251	27.623623	31.248577	34.019840	35.766182	35.730183	33.537086	55.684551	1.999563	1.023682
2374.000000	49.899494	45.238663	43.108482	41.867477	41.104317	18.734886	27.656837	31.284763	34.055840	35.803112	35.692921	33.594433	55.669170	1.955236	1.002955
2376.000000	49.898476	45.230164	43.104317	41.878845	41.180553	18.735424	27.657669	31.300516	34.099937	35.844707	35.793598	33.630329	55.698627	2.007252	0.980502
2378.000000	49.853798	45.215969	43.095905	41.882648	41.157291	18.743576	27.637709	31.310827	34.119801	35.871613	35.835697	33.677696	55.708778	2.011819	1.001248
2380.000000	49.770130	45.178761	43.110836	41.886738	41.139160	18.758982	27.634169	31.329956	34.127029	35.900990	35.787956	33.724030	55.710701	2.053619	1.004978
