Tuesday, November 29, 2016	3:41:32 PM
Time(s)		Sp,h(J/KgK)		Sp,c(J/KgK)		mu,h(Kg/ms)		mu,c(Kg/ms)		rho,h(Kg/m3)		rho,c(Kg/m3)		Qh(W)		Qc(W)		Ql(W)		Tlm(K)		U(W/Km2)		eff(%)		NTU		effNTU		Redh		Redc		Tho,t(ºC)		Tco,t(ºC)				Kh(W/mK)		Kc(W/mK)		Tlmh(K)		Tlmc(K)		Nu,h		Nu,c		Pr,h		Pr,c
0.000000	417800.000000	4178.000000	0.000769	0.000769	987.099976	987.099976	1510.531860	-1162.297852	348.233978	15.209301	301.079895	0.583650	1.458274	0.599148	338.377869	NaN	41.884144	38.264885	0.640000	0.620000	NaN	NaN	NaN	NaN	NaN	NaN
2.000000	50.102062	39.428585	20.507532	31.939884	34.112160	36.433788	37.706547	57.755684	2.075992	1.005603
2.000000	417800.000000	4178.000000	0.000769	0.000769	987.099976	987.099976	1520.318970	-1188.450195	331.868805	15.424536	298.802185	0.581264	1.426449	0.592421	336.014252	NaN	41.756657	38.038883	0.640000	0.620000	NaN	NaN	NaN	NaN	NaN	NaN
4.000000	50.100288	39.471855	20.492851	31.962389	34.112816	36.446472	37.692329	57.702518	2.078124	1.018809
4.000000	417800.000000	4178.000000	0.000769	0.000769	987.099976	987.099976	1524.489258	-1197.250854	327.238373	15.456334	299.005371	0.580981	1.417138	0.591097	337.966248	NaN	41.743828	37.992435	0.640000	0.620000	NaN	NaN	NaN	NaN	NaN	NaN
6.000000	50.177994	39.610218	20.516966	31.980091	34.104015	36.455734	37.721363	57.683224	2.080919	1.005798
6.000000	417800.000000	4178.000000	0.000769	0.000769	987.099976	987.099976	1515.760620	-1195.936279	319.824341	15.532640	295.832886	0.580197	1.403929	0.589797	338.333557	NaN	41.833462	38.006424	0.640000	0.620000	NaN	NaN	NaN	NaN	NaN	NaN
8.000000	50.138077	39.565678	20.525602	31.957201	34.116421	36.456291	37.743111	57.649254	2.085513	0.976188
8.000000	417800.000000	4178.000000	0.000769	0.000769	987.099976	987.099976	1512.895020	-1182.920898	329.974182	15.481976	296.239899	0.581365	1.422327	0.593261	337.381531	NaN	41.869877	38.093887	0.640000	0.620000	NaN	NaN	NaN	NaN	NaN	NaN
10.000000	50.098713	39.641838	20.491533	31.973108	34.156212	36.457272	37.725235	57.625885	2.090902	1.006952
10.000000	417800.000000	4178.000000	0.000769	0.000769	987.099976	987.099976	1502.358276	-1186.958252	315.400085	15.519573	293.464020	0.582048	1.405701	0.591473	338.830017	NaN	41.837357	38.002499	0.640000	0.620000	NaN	NaN	NaN	NaN	NaN	NaN
12.000000	50.115349	39.594837	20.475637	31.992006	34.215309	36.454300	37.715904	57.584927	2.080901	1.008365
12.000000	417800.000000	4178.000000	0.000769	0.000769	987.099976	987.099976	1502.916504	-1193.545532	309.371002	15.515201	293.655823	0.581766	1.399317	0.589264	337.058929	NaN	41.763767	37.943123	0.640000	0.620000	NaN	NaN	NaN	NaN	NaN	NaN
14.000000	50.246716	39.658981	20.503155	32.015030	34.261051	36.448914	37.768585	57.582657	2.098971	1.028534
14.000000	417800.000000	4178.000000	0.000769	0.000769	987.099976	987.099976	1524.731323	-1217.033936	307.697388	15.576833	296.739471	0.580607	1.388912	0.586591	339.702728	NaN	41.792995	37.947357	0.640000	0.620000	NaN	NaN	NaN	NaN	NaN	NaN
16.000000	50.261078	39.840271	20.583191	32.049046	34.262459	36.452744	37.796150	57.618511	2.072063	1.022428
16.000000	417800.000000	4178.000000	0.000769	0.000769	987.099976	987.099976	1484.768677	-1212.072144	272.696594	15.616353	288.230743	0.579915	1.350052	0.580188	336.013092	NaN	41.752167	37.801178	0.640000	0.620000	NaN	NaN	NaN	NaN	NaN	NaN
64.000000	50.174904	39.899231	27.657001	33.657497	35.843006	37.322731	23.632103	57.773895	2.092792	0.966196
64.000000	417800.000000	4178.000000	0.000769	0.000769	987.099976	987.099976	1473.560913	262.637756	1210.923218	18.490465	241.591370	-0.175641	1.201969	0.565899	338.203796	NaN	52.008774	40.386841	0.640000	0.620000	NaN	NaN	NaN	NaN	NaN	NaN
66.000000	50.122383	39.854443	28.316515	33.813667	36.002621	37.412933	23.059557	57.765667	2.079002	0.968222
66.000000	417800.000000	4178.000000	0.000769	0.000769	987.099976	987.099976	1469.516235	347.061737	1122.454468	18.224247	244.447693	-0.237874	1.206997	0.565711	337.654175	NaN	52.551994	40.642979	0.640000	0.620000	NaN	NaN	NaN	NaN	NaN	NaN
68.000000	50.060978	39.885609	28.980082	33.947418	36.171459	37.451511	22.658045	57.776638	2.102072	1.000799
68.000000	417800.000000	4178.000000	0.000769	0.000769	987.099976	987.099976	1470.192383	430.655792	1039.536621	17.912737	248.813156	-0.296889	1.194513	0.561341	340.574860	NaN	53.044235	40.801033	0.640000	0.620000	NaN	NaN	NaN	NaN	NaN	NaN
70.000000	50.075581	39.885780	29.727875	34.091534	36.322681	37.471344	22.180189	57.793720	2.084361	1.015242
70.000000	417800.000000	4178.000000	0.000769	0.000769	987.099976	987.099976	1460.471680	523.734375	936.737305	17.567238	252.029160	-0.367522	1.188789	0.557441	337.992065	NaN	53.722301	41.049347	0.640000	0.620000	NaN	NaN	NaN	NaN	NaN	NaN
72.000000	50.107616	40.044945	30.512329	34.264210	36.472649	37.455688	21.885231	57.801796	2.100020	1.031427
72.000000	417800.000000	4178.000000	0.000769	0.000769	987.099976	987.099976	1448.562378	606.072144	842.490295	17.247093	254.614090	-0.436632	1.188115	0.556643	339.656464	NaN	54.320045	41.405712	0.640000	0.620000	NaN	NaN	NaN	NaN	NaN	NaN
74.000000	50.075142	39.980534	31.311552	34.422234	36.583439	37.356266	21.615002	57.819183	2.108599	0.999787
74.000000	417800.000000	4178.000000	0.000769	0.000769	987.099976	987.099976	1460.240845	664.343933	795.896912	16.670568	265.543213	-0.513353	1.271945	0.573955	341.520966	NaN	54.666767	42.072365	0.640000	0.620000	NaN	NaN	NaN	NaN	NaN	NaN
76.000000	50.068188	39.890125	31.904215	34.598442	36.703186	37.213783	21.364662	57.728127	2.097487	1.010653
76.000000	417800.000000	4178.000000	0.000769	0.000769	987.099976	987.099976	1463.504517	729.215759	734.288757	16.207726	273.736755	-0.577854	1.301178	0.576513	339.193329	NaN	55.142773	42.371067	0.640000	0.620000	NaN	NaN	NaN	NaN	NaN	NaN
78.000000	50.098476	39.955070	32.577450	34.778866	36.814037	37.091141	21.325012	57.686626	2.116257	1.010699
78.000000	417800.000000	4178.000000	0.000769	0.000769	987.099976	987.099976	1467.347046	779.345398	688.001587	15.719872	282.972961	-0.640890	1.345107	0.583519	341.354370	NaN	55.470882	42.787624	0.640000	0.620000	NaN	NaN	NaN	NaN	NaN	NaN
80.000000	50.180542	40.006359	33.114574	34.965679	36.928421	36.950832	21.111080	57.630386	2.084599	0.996599
80.000000	417800.000000	4178.000000	0.000769	0.000769	987.099976	987.099976	1455.407715	824.304810	631.102905	15.421329	286.104034	-0.701443	1.371520	0.586746	337.680450	NaN	55.938770	43.123558	0.640000	0.620000	NaN	NaN	NaN	NaN	NaN	NaN
